last 2
3.0021695235889556
1.6609284289682558
1.022228197817938
20.183902272300383
11.81180839947144
7.629219460738401
65.7644122964678
39.234267026712025
25.718952900227023

last 3 without last
3.0023814906869806
1.6610487905768454
1.022294193479098
20.18144567593855
11.810378717851155
7.628402364634884
65.76553226394691
39.23387264379585
25.71897047959081

last 4 without last 2
3.002591254796882
1.6611475749390938
1.022338286401656
20.188202050497143
11.814147540476295
7.63037165041798
65.76403565370957
39.23005283628986
25.71954176691408
